X0:day_of_week
X1:day_of_month
X2:hour
X3:body_num_links
X4:seconds_since_user_creation
X5:body_length
X6:body_percent_uppercase
X7:body_percent_spaces
X8:body_percent_punctuation
X9:body_coleman_liau_index
X10:user_reputation

Summary Statistics

                    Controls (N_c=948196)       Treated (N_t=12234)             
       Variable         Mean         S.d.         Mean         S.d.     Raw-diff
--------------------------------------------------------------------------------
              Y        2.588       28.536        5.564       51.892        2.976

                    Controls (N_c=948196)       Treated (N_t=12234)             
       Variable         Mean         S.d.         Mean         S.d.     Nor-diff
--------------------------------------------------------------------------------
             X0        2.590        1.822        2.699        1.886        0.058
             X1       15.716        8.738       15.658        8.694       -0.007
             X2       12.602        6.129       12.779        6.299        0.028
             X3        0.473        0.941        2.297        2.367        1.013
             X4    41738.706    29038.185    42794.494    28316.739        0.037
             X5      751.245      906.496     1304.523     1475.078        0.452
             X6        3.716        3.884        2.943        2.159       -0.246
             X7       13.467        5.366       12.325        3.715       -0.248
             X8        1.864        1.081        1.900        0.708        0.039
             X9       15.095        2.109       15.774        0.831        0.424
            X10    33861.501    94707.470    51785.520   108446.628        0.176


Estimated Parameters of Propensity Score

                    Coef.       S.e.          z      P>|z|      [95% Conf. int.]
--------------------------------------------------------------------------------
     Intercept    -39.929      2.543    -15.700      0.000    -44.914    -34.944
            X3      8.453      0.238     35.571      0.000      7.987      8.919
            X9      3.246      0.286     11.357      0.000      2.686      3.807
            X6     -0.405      0.143     -2.823      0.005     -0.686     -0.124
           X10      0.000      0.000     13.879      0.000      0.000      0.000
            X7      0.952      0.074     12.932      0.000      0.808      1.097
            X0     -0.048      0.022     -2.132      0.033     -0.091     -0.004
            X2     -0.001      0.006     -0.209      0.835     -0.014      0.011
            X4      0.000      0.000      2.971      0.003      0.000      0.000
            X8      1.810      0.326      5.546      0.000      1.170      2.449
         X3*X3     -0.050      0.001    -42.562      0.000     -0.052     -0.048
         X3*X9     -0.470      0.015    -31.789      0.000     -0.499     -0.441
         X7*X7     -0.008      0.000    -21.758      0.000     -0.009     -0.008
       X10*X10     -0.000      0.000    -16.004      0.000     -0.000     -0.000
         X8*X8     -0.187      0.011    -16.351      0.000     -0.209     -0.164
         X3*X7      0.013      0.001     10.409      0.000      0.011      0.016
         X6*X7     -0.007      0.001     -6.504      0.000     -0.009     -0.005
         X9*X9     -0.080      0.009     -9.332      0.000     -0.097     -0.063
         X9*X7     -0.039      0.004     -9.156      0.000     -0.047     -0.031
         X7*X8     -0.027      0.004     -7.485      0.000     -0.034     -0.020
         X3*X8     -0.040      0.007     -5.527      0.000     -0.055     -0.026
        X3*X10     -0.000      0.000     -5.227      0.000     -0.000     -0.000
         X6*X8      0.027      0.005      5.237      0.000      0.017      0.037
         X0*X0      0.009      0.003      3.336      0.001      0.004      0.015
         X6*X6     -0.002      0.001     -2.995      0.003     -0.003     -0.001
         X9*X6      0.025      0.009      2.891      0.004      0.008      0.043
        X10*X8     -0.000      0.000     -2.778      0.005     -0.000     -0.000
        X6*X10      0.000      0.000      2.789      0.005      0.000      0.000
         X2*X4     -0.000      0.000     -2.515      0.012     -0.000     -0.000
         X9*X8     -0.047      0.019     -2.421      0.015     -0.085     -0.009
         X2*X2      0.001      0.000      2.106      0.035      0.000      0.001
         X0*X8      0.015      0.007      2.065      0.039      0.001      0.028
         X6*X0     -0.004      0.002     -1.806      0.071     -0.009      0.000
        X10*X2     -0.000      0.000     -1.656      0.098     -0.000      0.000


Stratification Summary

              Propensity Score         Sample Size     Ave. Propensity   Outcome
   Stratum      Min.      Max.  Controls   Treated  Controls   Treated  Raw-diff
--------------------------------------------------------------------------------
         1     0.000     0.001    119973        64     0.000     0.000    53.199
         2     0.001     0.003    120019        35     0.002     0.002    11.857
         3     0.003     0.004    120007        47     0.004     0.004     2.855
         4     0.004     0.006    119974        79     0.005     0.005     1.983
         5     0.006     0.006     59984        43     0.006     0.006    -0.308
         6     0.006     0.007     29987        27     0.007     0.007    -0.544
         7     0.007     0.007     29962        51     0.007     0.007     0.277
         8     0.007     0.008     29945        69     0.008     0.008    -1.026
         9     0.008     0.008     14958        49     0.008     0.008    -1.262
        10     0.008     0.009     14914        92     0.009     0.009    -0.116
        11     0.009     0.010     14909        98     0.009     0.009     1.087
        12     0.010     0.010     14864       142     0.010     0.010    -0.689
        13     0.010     0.012     29697       316     0.011     0.011     0.035
        14     0.012     0.013     14813       194     0.012     0.012     1.390
        15     0.013     0.014     14750       257     0.013     0.013     0.109
        16     0.014     0.015     29421       592     0.014     0.014    -0.376
        17     0.015     0.017     29233       781     0.016     0.016     1.071
        18     0.017     0.018     14553       454     0.018     0.018    -0.722
        19     0.018     0.020     14487       519     0.019     0.019     0.045
        20     0.020     0.021      7231       273     0.020     0.020     0.949
        21     0.021     0.022      7187       316     0.021     0.022     1.494
        22     0.022     0.026     14314       693     0.024     0.024    -0.897
        23     0.026     0.030     14295       712     0.028     0.028    -0.092
        24     0.030     0.035     14218       788     0.033     0.033     0.175
        25     0.035     0.038      7083       421     0.037     0.037    17.393
        26     0.038     0.042      6990       513     0.040     0.040     0.161
        27     0.042     0.048      6946       557     0.045     0.045     0.903
        28     0.048     0.057      6881       622     0.052     0.052    -0.175
        29     0.057     0.073      6886       618     0.065     0.065     1.001
        30     0.073     0.084      3443       309     0.078     0.078     0.397
        31     0.084     0.098      3382       369     0.090     0.091    -0.614
        32     0.098     0.122      3366       386     0.109     0.109     0.828
        33     0.122     0.140      1664       212     0.131     0.132     1.720
        34     0.140     0.164      1633       242     0.152     0.152    -1.360
        35     0.164     0.251      3244       508     0.201     0.203    -4.937
        36     0.251     0.350      1552       324     0.295     0.298    -6.078
        37     0.350     1.000      1413       462     0.484     0.498     7.866

LinAlgError with est_via_weighting: Singular matrix
Traceback (most recent call last):
  File "prediction.py", line 190, in causal_inference
    causal.est_via_weighting()
  File "/home/nvl0834/ugc-val-est/causalinference/causal.py", line 281, in est_via_weighting
    self.estimates['weighting'] = Weighting(self.raw_data)
  File "/home/nvl0834/ugc-val-est/causalinference/estimators/weighting.py", line 25, in __init__
    cov = calc_cov(Z_w, u_w)
  File "/home/nvl0834/ugc-val-est/causalinference/estimators/ols.py", line 76, in calc_cov
    A = np.linalg.inv(np.dot(Z.T, Z))
  File "/home/nvl0834/.conda/envs/ugc-val-est/lib/python3.6/site-packages/numpy/linalg/linalg.py", line 526, in inv
    ainv = _umath_linalg.inv(a, signature=signature, extobj=extobj)
  File "/home/nvl0834/.conda/envs/ugc-val-est/lib/python3.6/site-packages/numpy/linalg/linalg.py", line 90, in _raise_linalgerror_singular
    raise LinAlgError("Singular matrix")
numpy.linalg.linalg.LinAlgError: Singular matrix


Treatment Effect Estimates: OLS

                     Est.       S.e.          z      P>|z|      [95% Conf. int.]
--------------------------------------------------------------------------------
           ATE     -1.480      0.820     -1.805      0.071     -3.088      0.127
           ATC     -1.515      0.831     -1.824      0.068     -3.144      0.113
           ATT      1.233      0.517      2.383      0.017      0.219      2.247

Treatment Effect Estimates: Blocking

                     Est.       S.e.          z      P>|z|      [95% Conf. int.]
--------------------------------------------------------------------------------
           ATE      3.817      2.309      1.653      0.098     -0.708      8.342
           ATC      3.854      2.337      1.649      0.099     -0.727      8.435
           ATT      0.937      0.515      1.818      0.069     -0.073      1.946

Treatment Effect Estimates: Matching

                     Est.       S.e.          z      P>|z|      [95% Conf. int.]
--------------------------------------------------------------------------------
           ATE      0.716      2.018      0.355      0.723     -3.240      4.671
           ATC      0.721      2.038      0.354      0.724     -3.273      4.715
           ATT      0.328      1.059      0.310      0.757     -1.747      2.403

records_loaded:13.17463231086731
feature_rows_loaded:0.3186964988708496
CausalModel:0.375934362411499
est_via_ols:1.019744634628296
propensity_s:41303.46879482269
stratify_s:1.1815440654754639
est_via_blocking:0.40035223960876465
est_via_matching:2952.983676671982