X0:day_of_week
X1:day_of_month
X2:hour
X3:seconds_since_user_creation
X4:title_length
X5:title_percent_uppercase
X6:title_percent_spaces
X7:title_percent_punctuation
X8:title_coleman_liau_index
X9:user_comment_karma
X10:user_link_karma
X11:user_is_mod
X12:user_is_suspended
X13:user_is_deleted

Summary Statistics

                   Controls (N_c=1198428)        Treated (N_t=1572)             
       Variable         Mean         S.d.         Mean         S.d.     Raw-diff
--------------------------------------------------------------------------------
              Y       29.986      323.845      156.601     1189.900      126.614

                   Controls (N_c=1198428)        Treated (N_t=1572)             
       Variable         Mean         S.d.         Mean         S.d.     Nor-diff
--------------------------------------------------------------------------------
             X0        2.900        1.982        2.923        1.940        0.012
             X1       15.782        8.839       15.645        8.742       -0.016
             X2       12.378        6.392       12.485        7.134        0.016
             X3    34076.021    30094.983    35422.774    30002.559        0.045
             X4       54.499       37.529      124.712       75.790        1.174
             X5       10.516       11.336        7.659        7.397       -0.298
             X6       14.411        4.143       15.653        2.927        0.346
             X7        1.063        2.558        1.480        1.449        0.200
             X8        4.516        5.677        3.006        5.168       -0.278
             X9     9203.346    51843.954    16241.841    57325.849        0.129
            X10    49281.905   679798.889    35244.637   213780.404       -0.028
            X11        0.240        0.427        0.370        0.483        0.286
            X12        0.016        0.126        0.017        0.130        0.008
            X13        0.636        0.481        0.582        0.493       -0.111


Estimated Parameters of Propensity Score

                    Coef.       S.e.          z      P>|z|      [95% Conf. int.]
--------------------------------------------------------------------------------
     Intercept     -8.177      0.143    -57.268      0.000     -8.457     -7.897
            X4      0.031      0.001     21.269      0.000      0.028      0.034
            X8     -0.023      0.011     -1.990      0.047     -0.045     -0.000
           X11     -0.122      0.115     -1.068      0.286     -0.347      0.102
           X10     -0.000      0.000     -5.311      0.000     -0.000     -0.000
            X7      0.348      0.043      8.084      0.000      0.264      0.433
            X9      0.000      0.000      6.637      0.000      0.000      0.000
            X5     -0.002      0.003     -0.642      0.521     -0.008      0.004
           X13     -0.254      0.058     -4.398      0.000     -0.367     -0.141
           X12     -0.332      0.217     -1.532      0.126     -0.757      0.093
            X3      0.000      0.000      2.966      0.003      0.000      0.000
            X1     -0.003      0.003     -1.142      0.254     -0.009      0.002
            X2     -0.136      0.014    -10.016      0.000     -0.162     -0.109
         X8*X3     -0.000      0.000    -13.742      0.000     -0.000     -0.000
         X4*X4     -0.000      0.000    -10.620      0.000     -0.000     -0.000
         X2*X2      0.006      0.001     10.554      0.000      0.005      0.007
         X7*X7     -0.049      0.008     -6.126      0.000     -0.064     -0.033
         X9*X9     -0.000      0.000     -5.174      0.000     -0.000     -0.000
        X10*X9      0.000      0.000      5.697      0.000      0.000      0.000
        X11*X3      0.000      0.000      4.829      0.000      0.000      0.000
         X4*X8      0.000      0.000      4.208      0.000      0.000      0.000
       X10*X10     -0.000      0.000     -4.427      0.000     -0.000     -0.000
        X12*X3      0.000      0.000      4.626      0.000      0.000      0.000


Stratification Summary

              Propensity Score         Sample Size     Ave. Propensity   Outcome
   Stratum      Min.      Max.  Controls   Treated  Controls   Treated  Raw-diff
--------------------------------------------------------------------------------
         1     0.000     0.000    298769        44     0.000     0.000     9.624
         2     0.000     0.000    299891       109     0.000     0.000   -15.679
         3     0.000     0.001    149919        81     0.001     0.001   -18.662
         4     0.001     0.001     74951        49     0.001     0.001   -14.773
         5     0.001     0.001     74931        69     0.001     0.001   -20.306
         6     0.001     0.002    149822       178     0.001     0.001     1.071
         7     0.002     0.002     18720        30     0.002     0.002    -4.439
         8     0.002     0.002      9359        16     0.002     0.002   780.856
         9     0.002     0.003      9346        29     0.003     0.003   -28.160
        10     0.003     0.003      9351        24     0.003     0.003   -14.748
        11     0.003     0.003      9348        27     0.003     0.003    83.321
        12     0.003     0.004     18682        68     0.003     0.003    32.447
        13     0.004     0.005     18674        76     0.004     0.004   289.895
        14     0.005     0.007     18641       109     0.006     0.006    80.693
        15     0.007     0.012     18540       210     0.009     0.009   104.467
        16     0.012     0.013      2324        20     0.012     0.012   231.629
        17     0.013     0.014      2312        32     0.014     0.014   248.179
        18     0.014     0.019      4602        85     0.017     0.017    63.420
        19     0.019     0.028      4566       121     0.023     0.023   148.358
        20     0.028     0.038      2269        75     0.033     0.033   138.191
        21     0.038     0.042       570        16     0.040     0.041  2882.615
        22     0.042     0.048       561        25     0.045     0.045   -80.640
        23     0.048     0.059       563        23     0.053     0.053   242.640
        24     0.059     0.073       276        17     0.065     0.068   375.817
        25     0.073     0.316       253        39     0.097     0.107    82.066


Treatment Effect Estimates: OLS

                     Est.       S.e.          z      P>|z|      [95% Conf. int.]
--------------------------------------------------------------------------------
           ATE     -6.826     17.502     -0.390      0.697    -41.130     27.478
           ATC     -6.983     17.521     -0.399      0.690    -41.324     27.357
           ATT    112.913     29.709      3.801      0.000     54.682    171.143

Treatment Effect Estimates: Blocking

                     Est.       S.e.          z      P>|z|      [95% Conf. int.]
--------------------------------------------------------------------------------
           ATE     10.341      8.214      1.259      0.208     -5.758     26.441
           ATC     10.214      8.208      1.244      0.213     -5.874     26.301
           ATT    107.609     28.586      3.764      0.000     51.580    163.638

Treatment Effect Estimates: Weighting

                     Est.       S.e.          z      P>|z|      [95% Conf. int.]
--------------------------------------------------------------------------------
           ATE     18.848  63405.867      0.000      1.000-124256.650 124294.347

Treatment Effect Estimates: Matching

                     Est.       S.e.          z      P>|z|      [95% Conf. int.]
--------------------------------------------------------------------------------
           ATE     13.497     64.100      0.211      0.833   -112.139    139.133
           ATC     13.411     64.159      0.209      0.834   -112.340    139.163
           ATT     78.774     37.114      2.123      0.034      6.031    151.518

records_loaded:18.554090976715088
feature_rows_loaded:0.7099335193634033
CausalModel:0.7428655624389648
est_via_ols:1.6795966625213623
propensity_s:59419.54971218109
stratify_s:1.3652489185333252
est_via_blocking:0.5684068202972412
est_via_weighting:0.6932735443115234
est_via_matching:606.4604907035828