X0:day_of_week
X1:day_of_month
X2:hour
X3:body_num_links
X4:seconds_since_user_creation
X5:body_length
X6:body_percent_uppercase
X7:body_percent_spaces
X8:body_percent_punctuation
X9:body_coleman_liau_index
X10:user_reputation

Summary Statistics

                    Controls (N_c=948196)       Treated (N_t=12234)             
       Variable         Mean         S.d.         Mean         S.d.     Raw-diff
--------------------------------------------------------------------------------
              Y        2.588       28.536        5.564       51.892        2.976

                    Controls (N_c=948196)       Treated (N_t=12234)             
       Variable         Mean         S.d.         Mean         S.d.     Nor-diff
--------------------------------------------------------------------------------
             X0        2.590        1.822        2.699        1.886        0.058
             X1       15.716        8.738       15.658        8.694       -0.007
             X2       12.602        6.129       12.779        6.299        0.028
             X3        0.473        0.941        2.297        2.367        1.013
             X4    41738.706    29038.185    42794.494    28316.739        0.037
             X5      751.245      906.496     1304.523     1475.078        0.452
             X6        3.716        3.884        2.943        2.159       -0.246
             X7       13.467        5.366       12.325        3.715       -0.248
             X8        1.864        1.081        1.900        0.708        0.039
             X9       15.095        2.109       15.774        0.831        0.424
            X10    33861.501    94707.470    51785.520   108446.628        0.176


Estimated Parameters of Propensity Score

                    Coef.       S.e.          z      P>|z|      [95% Conf. int.]
--------------------------------------------------------------------------------
     Intercept     -8.174      0.160    -51.152      0.000     -8.488     -7.861
            X0      0.026      0.005      5.035      0.000      0.016      0.036
            X1     -0.001      0.001     -0.880      0.379     -0.003      0.001
            X2      0.006      0.002      3.797      0.000      0.003      0.009
            X3      0.564      0.006     98.575      0.000      0.553      0.576
            X4      0.000      0.000      2.347      0.019      0.000      0.000
            X5      0.000      0.000      0.963      0.336     -0.000      0.000
            X6     -0.078      0.004    -19.732      0.000     -0.086     -0.071
            X7      0.013      0.002      6.385      0.000      0.009      0.017
            X8     -0.022      0.010     -2.169      0.030     -0.041     -0.002
            X9      0.206      0.009     21.674      0.000      0.187      0.224
           X10      0.000      0.000     11.361      0.000      0.000      0.000


Stratification Summary

              Propensity Score         Sample Size     Ave. Propensity   Outcome
   Stratum      Min.      Max.  Controls   Treated  Controls   Treated  Raw-diff
--------------------------------------------------------------------------------
         1     0.000     0.004    120037        18     0.002     0.003    13.287
         2     0.004     0.005     59979        48     0.004     0.004     4.722
         3     0.005     0.006     59960        67     0.006     0.006     1.270
         4     0.006     0.008    119927       127     0.007     0.007     0.542
         5     0.008     0.009    119891       162     0.008     0.008    -0.280
         6     0.009     0.009     59930        97     0.009     0.009     0.950
         7     0.009     0.010     29946        68     0.009     0.009    -0.435
         8     0.010     0.010     29921        92     0.010     0.010     1.819
         9     0.010     0.010     29891       123     0.010     0.010     0.609
        10     0.010     0.011     14911        96     0.011     0.011     0.178
        11     0.011     0.011      3732        20     0.011     0.011     0.500
        12     0.011     0.011      3715        36     0.011     0.011    -0.892
        13     0.011     0.011      3723        29     0.011     0.011    -0.295
        14     0.011     0.011      3706        45     0.011     0.011     6.377
        15     0.011     0.012     14825       182     0.011     0.011    -0.031
        16     0.012     0.012     14754       252     0.012     0.012    -1.018
        17     0.012     0.013     14749       258     0.012     0.012    -0.219
        18     0.013     0.013     14705       301     0.013     0.013    -0.077
        19     0.013     0.015     58708      1319     0.014     0.014     0.814
        20     0.015     0.015     14658       349     0.015     0.015     0.952
        21     0.015     0.016     14610       397     0.015     0.015     0.727
        22     0.016     0.017     29143       870     0.016     0.016     0.727
        23     0.017     0.017      7283       221     0.017     0.017     1.641
        24     0.017     0.018      7227       276     0.018     0.018     1.241
        25     0.018     0.020     14358       649     0.019     0.019    -0.827
        26     0.020     0.026     28686      1327     0.023     0.023     0.904
        27     0.026     0.027      7141       363     0.026     0.026    10.281
        28     0.027     0.028      7090       413     0.027     0.027     8.260
        29     0.028     0.038     14048       958     0.032     0.032     0.079
        30     0.038     0.045      6961       543     0.042     0.042    -0.118
        31     0.045     0.048      3445       307     0.046     0.046     2.143
        32     0.048     0.057      3391       360     0.051     0.051    -0.554
        33     0.057     0.072      3440       312     0.065     0.065     0.616
        34     0.072     0.093      3351       400     0.080     0.080    -2.683
        35     0.093     0.170      3332       420     0.123     0.124     1.080
        36     0.170     0.209       809       129     0.189     0.191    -0.996
        37     0.209     0.305       778       160     0.252     0.252     7.128
        38     0.305     0.534       769       169     0.393     0.399    -7.589
        39     0.535     0.782       356       113     0.637     0.636    12.387
        40     0.784     0.927       172        62     0.851     0.848     3.200
        41     0.928     0.992        68        49     0.958     0.966   -25.796
        42     0.992     1.000        40        19     0.996     0.996     5.308
        43     1.000     1.000        16        13     1.000     1.000    -3.673
        44     1.000     1.000        14        15     1.000     1.000    58.871

ValueError with est_via_weighting: On entry to DGELSD parameter number 4 had an illegal value
Traceback (most recent call last):
  File "prediction.py", line 186, in causal_inference
    causal.est_via_weighting()
  File "/home/nvl0834/ugc-val-est/causalinference/causal.py", line 281, in est_via_weighting
    self.estimates['weighting'] = Weighting(self.raw_data)
  File "/home/nvl0834/ugc-val-est/causalinference/estimators/weighting.py", line 23, in __init__
    wlscoef = np.linalg.lstsq(Z_w, Y_w)[0]
  File "/home/nvl0834/.conda/envs/ugc-val-est/lib/python3.6/site-packages/numpy/linalg/linalg.py", line 1965, in lstsq
    0, work, lwork, iwork, 0)
ValueError: On entry to DGELSD parameter number 4 had an illegal value


Treatment Effect Estimates: OLS

                     Est.       S.e.          z      P>|z|      [95% Conf. int.]
--------------------------------------------------------------------------------
           ATE     -1.480      0.820     -1.805      0.071     -3.088      0.127
           ATC     -1.515      0.831     -1.824      0.068     -3.144      0.113
           ATT      1.233      0.517      2.383      0.017      0.219      2.247

Treatment Effect Estimates: Blocking

                     Est.       S.e.          z      P>|z|      [95% Conf. int.]
--------------------------------------------------------------------------------
           ATE      2.235      1.531      1.460      0.144     -0.765      5.236
           ATC      2.250      1.550      1.452      0.147     -0.788      5.288
           ATT      1.108      0.512      2.166      0.030      0.105      2.111

Treatment Effect Estimates: Matching

                     Est.       S.e.          z      P>|z|      [95% Conf. int.]
--------------------------------------------------------------------------------
           ATE      0.716      2.018      0.355      0.723     -3.240      4.671
           ATC      0.721      2.038      0.354      0.724     -3.273      4.715
           ATT      0.328      1.059      0.310      0.757     -1.747      2.403

records_loaded:11.807150840759277
feature_rows_loaded:0.27948427200317383
CausalModel:0.3493928909301758
est_via_ols:1.0671861171722412
propensity:15.782060146331787
stratify_s:1.199906587600708
est_via_blocking:0.3415353298187256
est_via_matching:2686.9538955688477